7.226308159359672
6.896759954340755
6.989287712117923
6.766318181446463
6.558661794117443
25.11942130654694
7.18628468649839
6.8715116152734295
10.641964286494332
15.302258065345761
9.376209929771285
8.317573618936517
8.251171833250591
7.789453115814915
7.459956518912096
6.794766800857192
13.315441857718197
18.363901067145193
20.517909169056225
9.44937243566294
9.725711637212383
10.014015194076668
10.09283894439925
11.747426359231598
9.339463931161024
8.81583803140514
9.169281213178408
